A = [1 1;1 2;1 3];
b = [1;5;10];
x = A\b;